Form region length: 30000
All data-locs in order (147):
578,579,579,580,581b,581,602,603,604,616,617,623,626,632,633,641,655,656,657,659,676,677,678,680,684,686,703,716,725,727,728,739,740,741,772,773,774,811,812,813,814,818,819,822,823,824,826,827,829,833,839,856,857,859,865,871,880,881,883,887,889,896,897,899,903,905,912,913,915,919,921,928,929,936,940,947,954,955,957,961,963,970,971,978,980,981,983,985,986,991,999,1002,1007,1008,1020,1031,1032,1034,1039,1040,1044,1051,1054,1058,1059,1063,1074,1075,1112,1113,1116,1117,1118,1119,1123,1124,1125,1126,1127,1128,1129,1130,1131,1134,1136,1137,1139,1140,1143,1144,1146,1147,1150,1151,1153,1159,1160,1162,1172,1178,1179,1180,1181,1185,1186,1187,1188

ink-card positions:
  offset 25, near loc ?
  offset 6668, near loc 676
  offset 10823, near loc 772
  offset 12367, near loc 818
  offset 24649, near loc 1112

Split block starts (depth-1 div siblings after 577 children:[):
578,581b,581,655,676,772,818,978,1031,1116